## iOS

group_ids_ios <- c(
    '9E434362-E669-4F9F-B6E3-D04210300D49-1',
    '9E434362-E669-4F9F-B6E3-D04210300D49-2',
    '9E434362-E669-4F9F-B6E3-D04210300D49-3',
    '5A309DE1-29DE-4358-AB77-07A13F1F233E',
    '60E220A9-44EA-4E9A-8770-639498515F42-1',
    '60E220A9-44EA-4E9A-8770-639498515F42-2',
    '18E6BD49-02A3-4BA9-9975-4EFCCF5800A1',
    '612F1E8D-A7A6-4473-A1D9-26295921A9AD',
    'EA1BE566-2C12-4ACC-8897-58FC50673913',
    '99C99144-6765-4846-ACAA-376862EA0C2C',
    'E48C18AE-4DC8-4C4B-BC70-898A7FFD69E4',
    '046490F0-DE22-4488-A414-7007B77086AA',
    'D567A879-FF03-42FE-B3A5-FFA135F76189',
    'F6498D66-B5AD-4DF1-9788-22EA06EEF601')

group_ids_ios_account_parameter <- c(
    '9E434362-E669-4F9F-B6E3-D04210300D49-1',
    '9E434362-E669-4F9F-B6E3-D04210300D49-2',
    '9E434362-E669-4F9F-B6E3-D04210300D49-3',
    '5A309DE1-29DE-4358-AB77-07A13F1F233E',
    '60E220A9-44EA-4E9A-8770-639498515F42-1',
    '60E220A9-44EA-4E9A-8770-639498515F42-2'
)

group_ids_ios_personas <- c(
    '18E6BD49-02A3-4BA9-9975-4EFCCF5800A1',
    '612F1E8D-A7A6-4473-A1D9-26295921A9AD',
    'EA1BE566-2C12-4ACC-8897-58FC50673913',
    '99C99144-6765-4846-ACAA-376862EA0C2C',
    'E48C18AE-4DC8-4C4B-BC70-898A7FFD69E4',
    '046490F0-DE22-4488-A414-7007B77086AA',
    'D567A879-FF03-42FE-B3A5-FFA135F76189'
)

group_ids_ios_baseline <- c(
    'F6498D66-B5AD-4DF1-9788-22EA06EEF601'
)

game_categories_ios <- list(7001, 7002, 7003, 7004, 7005, 7006, 7007, 7008, 7009, 7010, 7011, 7012, 7013, 7014, 7015, 7016, 7017, 7018, 7019)

## Android
group_ids_android <- c(
    '3bbc0228-16d2-43f9-a36d-b441b710a795',
    '41ab440f-7b1f-434a-ac2e-43688fe6c595-0',
    '41ab440f-7b1f-434a-ac2e-43688fe6c595-1',
    '41ab440f-7b1f-434a-ac2e-43688fe6c595-2',
    'd3d9ebaa-52c5-483a-a835-b1771e90ade3-0',
    'd3d9ebaa-52c5-483a-a835-b1771e90ade3-1',
    '2c9c19b8-2ee1-4dc8-9281-c59c0179e52f',
    'cab5eaba-fda2-488d-a1d8-eaf1ffa3b9b9',
    '86afc5ba-a2ce-4f3c-98b0-528ed0a3b4d8',
    '150a0ac7-4af3-48c3-b9b8-0e7d2e354ee8',
    '1b89b22e-486f-4b22-aac5-e39fa5117b7f',
    '1cf67789-5a77-4a55-8eb1-f7cdf8432599',
    '71d822d5-7f72-44ef-853c-34bd42d26983',
    'a7b722de-37f4-46c2-971e-9cf27aeca31d'
)

group_ids_android_account_parameter <- c(
    '41ab440f-7b1f-434a-ac2e-43688fe6c595-0',
    '41ab440f-7b1f-434a-ac2e-43688fe6c595-1',
    '41ab440f-7b1f-434a-ac2e-43688fe6c595-2',
    'd3d9ebaa-52c5-483a-a835-b1771e90ade3-0',
    'd3d9ebaa-52c5-483a-a835-b1771e90ade3-1',
    '3bbc0228-16d2-43f9-a36d-b441b710a795'
)

group_ids_android_personas <- c(
    '2c9c19b8-2ee1-4dc8-9281-c59c0179e52f',
    '86afc5ba-a2ce-4f3c-98b0-528ed0a3b4d8',
    '150a0ac7-4af3-48c3-b9b8-0e7d2e354ee8',
    '1b89b22e-486f-4b22-aac5-e39fa5117b7f',
    '1cf67789-5a77-4a55-8eb1-f7cdf8432599',
    '71d822d5-7f72-44ef-853c-34bd42d26983',
    'a7b722de-37f4-46c2-971e-9cf27aeca31d'
)

group_ids_android_baseline <- c(
    'cab5eaba-fda2-488d-a1d8-eaf1ffa3b9b9'
)

groups_ids_ios_android_other <- c(
    '50cd0af2-0c7a-4669-baca-7c4c0cee341b',
    '0C5ADEB9-507A-469F-A6B4-A713176B9D9E',
    '8bf73eac-40b1-46c0-a9a6-524ac8f993b7',
    'B84A8DF5-341D-4CC0-8136-449E88E2ECCC',
    'a7b722de-37f4-46c2-971e-9cf27aeca31d-broken',
    'd3d9ebaa-52c5-483a-a835-b1771e90ade3',
    '09b55ca1-0b18-40b4-8fe4-e1fda438dbb3-broken',
    'A1ACE0AB-8FC2-48E2-940E-9DAD75660CEA',
    '63f235d4-fc64-4278-a472-395891b214ca',
    '3EDBD356-B855-4AFE-93CA-02BB353D04DC',
    'C179C8E9-80B5-4138-9C03-1EEC028352E8',
    '350eeaee-c031-42cf-994d-f6298e14ed23',
    'E2217962-9AFF-4776-A726-B3A5DDCFA056',
    'd3d9ebaa-52c5-483a-a835-b1771e90ade3-outlier',
    '60E220A9-44EA-4E9A-8770-639498515F42-1_OUTLIER',
    '326d0b26-dfab-430c-8b55-87acb58184a2',
    '09b55ca1-0b18-40b4-8fe4-e1fda438dbb3',
    'B9F07276-22B9-4AB1-AED8-22F686DF25C7',
    '2F1A4282-C80D-434D-B68B-6AE0D157FDA3',
    '92b95439-7dd9-4e74-8aec-6e3739a942f4'
)
## Generic
time_interval <- 60
